0,446
49,6
0,445
0,444
0,443
0,278
49,5
49,4
49,3
49,2
0,9
49,1
49,0
0,442
0,386
48,52
48,51
48,50
48,49
48,48
48,47
48,46
48,45
48,44
48,43
48,42
48,41
48,40
48,39
48,38
48,37
48,36
48,35
3,2
3,1
3,3
10,269
10,35
10,125
10,245
10,255
10,141
10,251
10,305
11,2
11,3
9,5
9,1
9,7
9,2
8,17
8,16
8,8
8,12
8,18
8,2
8,3
33,6
33,5
33,4
33,3
33,2
33,1
33,0
31,3
31,2
31,1
31,0
27,3
27,2
27,1
27,0
20,3
20,2
20,1
19,3
19,2
19,1
18,3
18,1
14,3
14,1
13,3
13,1
12,3
12,2
12,1
11,30
11,29
11,27
11,26
11,25
11,24
11,23
11,22
